"""
Problem data (distance matrices, labels, etc).

Here we include the 12-vertex complete graph G_12_66
from the paper (Figure 1 and Table 1).
"""

from typing import List

# Vertex labels as in the paper: a, b, c, d, e, f, g, h, i, j, k, l
vertex_labels_g12: List[str] = [
    "a", "b", "c", "d", "e", "f", "g", "h", "i", "j", "k", "l"
]

# Distance matrix (Table 1 in the paper)
# dist_matrix_g12[i][j] is the cost between vertex i and j
dist_matrix_g12: List[List[int]] = [
    [0,   112, 269, 269, 300, 403, 381, 391, 200, 100, 212, 447],
    [112,   0, 200, 158, 206, 300, 269, 283, 112, 112, 112, 335],
    [269, 200,   0, 212, 320, 361, 269, 200, 269, 180, 112, 304],
    [269, 158, 212,   0, 112, 158, 112, 158, 112, 250, 112, 180],
    [300, 206, 320, 112,   0, 112, 158, 250, 100, 316, 212, 224],
    [403, 300, 361, 158, 112,   0, 112, 224, 206, 403, 269, 150],
    [381, 269, 269, 112, 158, 112,   0, 112, 212, 354, 200,  71],
    [391, 283, 200, 158, 250, 224, 112,   0, 269, 335, 180, 112],
    [200, 112, 269, 112, 100, 206, 212, 269,   0, 224, 158, 283],
    [100, 112, 180, 250, 316, 403, 354, 335, 224,   0, 158, 412],
    [212, 112, 112, 112, 212, 269, 200, 180, 158, 158,   0, 255],
    [447, 335, 304, 180, 224, 150,  71, 112, 283, 412, 255,   0],
]
